350
136
327
404
508
289
607
699
191
447
290
143
716
269
665
606
87
307
553
805
19
89
501
8
544
702
851
719
720
521
200
886
216
787
616
530
573
862
717
0
250
64
945
920
977
996
593
21
359
134
531
232
391
739
378
365
734
905
6
639
812
765
237
317
246
34
455
619
63
358
482
701
611
512
421
880
946
209
427
797
54
816
967
927
196
258
985
803
210
41
929
615
848
401
939
47
952
586
380
592
776
594
235
762
458
988
537
470
331
408
758
163
551
641
504
668
245
820
239
624
490
541
970
808
603
309
896
546
591
243
429
818
613
654
221
190
953
322
454
957
525
206
347
467
138
489
835
885
680
688
992
861
194
321
743
823
311
916
303
982
377
179
443
379
99
259
148
376
829
495
342
870
96
260
234
897
448
672
437
540
535
524
590
924
424
59
960
305
112
964
811
909
296
316
266
264
354
244
660
651
219
121
67
81
139
217
370
846
106
713
373
444
169
890
42
410
695
773
127
854
477
837
937
859
333
399
415
110
726
868
707
108
694
710
582
568
542
981
397
356
228
631
137
948
366
584
918
388
104
483
576
516
273
750
412
548
201
231
580
409
1
572
75
795
323
189
36
2
101
791
742
919
498
156
640
12
205
549
785
431
193
687
77
35
31
363
123
943
949
872
638
39
340
469
696
181
291
355
802
171
476
425
522
538
738
24
753
814
938
838
543
398
348
46
873
558
406
984
140
756
793
150
653
642
997
450
505
760
932
449
277
649
686
240
737
690
159
855
864
308
129
116
385
257
577
83
827
801
5
598
185
725
414
941
781
20
176
809
282
218
936
658
821
509
48
567
843
207
335
683
23
351
528
779
853
299
253
529
479
874
684
879
625
352
560
38
736
184
86
173
120
441
286
295
617
381
513
786
371
188
274
473
800
627
995
527
383
636
167
485
951
65
10
704
670
230
428
669
233
958
675
646
928
515
222
673
97
666
926
574
956
68
468
472
917
942
933
602
520
744
511
198
561
552
69
831
815
279
153
368
270
595
272
390
203
456
214
4
500
155
794
50
197
671
320
402
578
962
174
557
226
457
481
389
242
894
609
453
569
825
559
430
703
842
382
930
107
784
131
172
346
648
865
869
850
545
100
361
856
29
876
693
947
325
583
122
709
506
806
170
330
186
986
416
45
605
442
789
866
491
486
532
80
152
585
901
58
712
676
73
749
336
783
393
588
386
413
980
175
49
597
973
281
52
22
635
157
656
422
931
867
465
764
103
433
754
126
92
714
387
679
536
283
241
514
56
804
229
182
238
634
878
411
877
13
978
288
74
863
496
315
314
759
711
632
950
151
741
722
384
125
900
82
478
118
407
579
581
319
28
731
461
834
921
730
911
30
523
85
25
657
798
752
810
771
202
338
302
661
263
883
955
907
497
313
755
364
565
326
164
135
493
72
841
768
813
463
440
301
94
974
98
324
420
628
954
71
507
589
677
494
748
168
778
715
339
310
678
268
518
510
318
630
782
165
154
830
162
792
652
728
975
298
9
271
213
195
438
349
895
312
539
293
278
