568
2662
2981
14
2623
2065
390
1438
2331
812
805
2798
1298
2104
1105
2743
2659
529
796
1280
75
266
1996
1776
214
1916
1920
731
256
203
2523
384
299
2896
2705
2222
635
1716
2598
2611
1562
298
1357
221
828
1557
1058
2101
2161
2853
2898
2408
1929
2382
2860
405
1522
1468
972
1948
1812
1517
250
807
2232
2904
304
2467
1762
2387
436
571
2815
2697
2243
63
469
762
1508
2265
2530
1984
1586
2235
1448
837
2245
2323
1596
2466
2943
2525
90
998
2770
1043
2868
865
316
2811
1500
2102
2980
281
109
2351
1497
1404
687
212
1946
2449
1650
2581
2327
788
1403
84
1078
2196
136
1196
1672
2287
2776
1445
2919
2689
2225
268
1919
336
735
2353
2266
1277
1959
1645
2780
2342
634
1340
1739
2587
2614
783
749
506
2605
1709
670
2527
174
2684
2214
819
1924
1665
737
342
1503
2717
1183
388
2925
843
1775
1878
1381
177
1516
2093
870
1654
686
1009
1104
612
2876
1139
695
2316
259
1833
2302
2871
1978
534
1007
1335
1028
1230
447
168
1471
1648
282
1892
2973
2911
2707
2926
2033
1390
1839
204
430
501
2288
1799
2045
1160
1858
1856
2380
1505
1792
1437
1601
1071
399
1278
1545
1687
1133
2509
1490
119
743
1154
1729
392
2081
429
2012
570
2591
993
1062
940
1723
48
2658
645
1889
57
2112
879
544
2751
2244
667
1320
1620
2512
2889
711
2490
216
557
2872
2756
1359
530
2415
2125
2283
789
895
1563
333
269
1546
1801
1068
1383
2923
357
497
2951
2362
1666
516
1094
1506
2075
2178
2155
1380
2169
2667
2847
2358
1893
2901
2396
1911
1092
1541
209
490
1559
2158
2398
2841
2473
1701
1684
1312
1364
2175
1676
4
613
18
1534
2363
2117
1759
2394
2253
40
866
2599
1599
2236
766
2788
1690
2809
2298
175
1289
248
396
932
983
1254
2478
1482
2035
245
1
1661
2592
2554
818
2624
756
2457
2845
2210
1840
2840
2762
1721
108
2668
363
1866
2424
2621
1745
2044
2747
374
2249
1181
1268
1098
1874
2962
2786
479
1811
898
957
360
1886
1114
967
1338
1847
1587
2103
806
2291
1136
0
888
2819
2349
356
2879
2804
1123
407
625
2829
2765
1074
813
906
91
872
1567
2057
619
2907
414
1469
622
1845
2047
373
1955
2060
2220
152
433
408
1883
884
1285
290
1814
1107
615
2832
2622
2878
1020
1003
1370
2909
561
372
1420
2475
1898
1487
1570
2146
775
1179
679
224
66
2858
717
1854
1477
1264
23
45
2513
2891
207
662
2455
1211
2727
2692
2654
1853
1748
1050
1141
2390
192
829
12
340
955
2393
2317
1560
1481
2830
452
1132
1655
873
31
2814
1443
326
1970
234
1991
1556
1607
1407
2568
2022
2810
2437
1806
836
769
969
844
1327
1214
2908
2948
195
2049
2479
1697
2968
868
2295
1820
1738
2952
2051
93
589
458
1018
2682
2740
2445
2341
434
70
1712
2114
1374
2190
332
1917
2565
2004
415
1514
2472
2010
1605
2965
1279
2281
167
1804
2054
2468
2192
1240
671
25
2699
423
329
2674
1096
1288
577
2793
2630
240
2319
339
1229
1242
260
1695
1119
747
2297
2917
164
2718
2023
1633
2542
2167
2557
1343
2690
193
1593
1076
2139
438
1598
621
1146
2610
2431
19
2816
1447
1875
1865
990
2226
383
2233
2122
2152
1638
2517
1000
1205
975
92
142
2048
1600
1568
1525
1643
128
1272
2716
1167
1422
1968
518
1354
1358
2745
582
2708
712
1317
387
1602
1434
351
2706
1526
904
2128
2018
999
2418
903
2211
1216
309
668
319
2487
2506
1324
713
255
120
1973
2405
1346
417
43
1767
1356
2906
599
2016
2663
1844
2997
1351
2910
1026
238
218
800
1091
1061
1479
222
2805
738
147
385
86
1227
1193
139
1492
1768
2209
1630
885
2420
804
2193
2865
1011
2463
300
1233
2136
2306
2758
437
1533
1024
346
76
637
696
639
2665
2975
2529
652
1836
2046
354
1318
2563
913
1987
99
2216
1778
2967
1746
27
922
420
917
1461
689
1733
1311
663
964
1386
413
631
2000
653
510
173
655
1851
2618
2204
1402
2686
2732
1168
2696
1377
2932
2988
514
551
693
1979
2348
2458
5
741
1194
283
16
2826
628
1414
226
2941
2985
1753
47
253
1232
2400
2749
1813
1170
443
1974
1940
2218
393
2164
293
2862
1901
2426
1769
2383
315
520
1826
1255
1835
2350
2228
1446
2986
603
2536
106
473
1935
2223
1576
1387
1714
1131
894
391
2806
2246
1371
422
2315
94
770
1577
1908
2894
1025
1627
2064
1083
2357
744
1571
2824
1862
2507
539
1455
1475
2712
2803
2643
1399
910
394
352
2438
1309
34
2335
547
502
2460
2368
2024
2890
2584
994
1747
227
149
1726
523
1225
850
2194
586
2955
933
431
1548
2345
2577
1584
1051
2863
949
891
1777
2620
1961
654
60
2719
450
1975
362
2728
2212
1623
1669
2442
1036
1352
871
2251
111
184
1401
802
2389
1250
2205
2090
944
1416
1904
323
22
2549
68
1339
674
1331
1372
1810
2541
196
2238
2441
799
1208
314
1527
2957
233
2854
2411
2970
400
2772
2744
2231
2144
24
30
2202
211
143
121
1998
2524
1867
2493
1972
219
2757
272
2248
1425
1281
823
1938
1222
1385
2670
470
2201
2661
1805
444
2367
821
580
213
1632
2752
701
912
487
2369
2129
199
1310
691
657
2273
1206
365
2999
919
2608
1297
623
2050
984
110
1175
1085
1035
966
335
1995
2998
1535
254
2453
1981
2989
301
1444
593
986
1863
2533
2061
607
842
1156
2555
1064
276
1903
2580
939
1818
123
442
1304
859
808
263
512
2915
2821
2007
511
2270
1713
2264
1485
294
2026
1245
814
1786
1100
58
1611
508
638
1073
201
1341
138
2651
50
1055
1771
2157
2344
877
1926
2072
2779
2043
1591
845
716
2822
2242
258
2469
389
1579
134
2656
441
1755
938
1612
2880
2324
215
1049
103
2185
2820
153
1152
243
2280
1772
292
2032
1496
1841
2083
886
2030
965
1190
2008
2795
1460
1330
585
1993
772
1054
1876
2009
112
550
1542
522
1954
2887
1033
1544
2645
1658
494
1212
1765
1295
945
1891
28
2848
1896
1538
1913
1307
2918
2471
2250
2
2294
427
851
2189
2013
849
2058
2520
889
838
997
95
2133
2501
2108
2842
721
540
1872
723
2025
1537
545
2825
2137
1789
1725
398
847
2200
2790
191
1069
2221
2123
15
1561
822
2388
186
1333
750
927
2657
1507
2343
2366
538
2206
2484
920
130
285
2710
1337
159
1647
1336
1528
905
2143
2528
1761
1408
1294
2451
2377
2755
2808
2392
2181
264
810
1635
1077
2428
409
863
280
1126
2421
463
1934
1964
2532
41
2683
558
754
1798
2685
349
1187
1301
2902
1779
1817
1113
2617
952
1116
1161
2191
2958
2272
2873
2725
2356
465
2666
2456
941
1870
2037
1044
1680
704
2094
1095
2782
1053
1610
827
2492
239
980
2267
1580
2939
2983
2578
1015
2995
2864
1613
141
1625
614
1439
973
2300
2903
73
629
101
1299
1902
2561
1763
970
666
1191
992
2713
2148
1111
1436
2015
2496
2447
1273
1717
1718
857
2071
2637
1163
1180
1265
2882
480
2284
1158
198
1305
2028
692
1990
1166
1169
878
2519
404
1241
1219
1249
171
1732
2461
71
1531
2573
2569
2721
2604
2638
1188
1263
2629
2198
2979
1435
140
2817
989
2402
1493
2572
296
2546
1843
262
2944
722
87
200
1016
690
1261
2084
1754
343
500
513
2404
892
537
1084
2289
1950
2299
633
1914
2828
1829
1144
2893
991
2419
457
303
1590
2844
151
736
2318
1449
1171
897
507
907
455
1660
947
1782
1986
755
592
2328
324
2945
2648
605
2261
1342
485
425
1673
1703
488
2311
2508
1631
2515
1012
1081
2726
925
2600
1378
2701
661
347
482
1980
1659
732
306
528
801
246
896
2068
2875
926
2452
1484
1134
1148
1349
1368
794
700
2325
1790
1976
703
2277
1907
1498
1842
2140
1994
381
2454
2585
2098
2616
2950
1795
1728
1603
2384
1157
1785
763
2856
317
2096
1392
2953
2877
554
1502
1960
1686
2586
1749
1529
1933
2698
632
1306
2627
2301
2138
2869
2837
1617
1722
217
583
49
2482
1931
535
1711
1048
1396
78
1943
2278
2531
1691
1803
779
321
344
918
1322
1699
2378
2165
2709
85
2588
2333
