298852
285297
374348
387689
388302
262729
195138
328603
337289
20755
37249
244275
116015
424738
266503
436233
281161
391025
195432
102870
142493
245559
130408
118431
137849
260609
139435
223701
370266
307599
355513
426255
3622
347980
474219
314989
486357
300066
174300
322047
413340
329050
263518
102734
220654
495691
365476
51668
171101
147261
329122
63667
420161
188303
9643
340212
289695
10545
285425
286522
385509
5472
478564
204792
99889
431160
242987
210999
412780
447470
57930
223724
181750
21589
138086
457688
211523
209482
224200
55547
309579
192515
390604
456591
296796
395392
465032
145391
494338
486456
301587
398625
303918
460547
260715
12991
224207
243065
185384
333365
489112
77133
308185
126178
490598
27751
441773
236617
390535
376196
320411
97780
372295
282865
475799
469903
480423
422864
141078
93069
60953
457651
170685
301239
13316
237305
223967
176148
447127
5062
454813
491803
24501
43884
30268
4335
45653
426031
191580
419808
332595
224946
117551
314048
42314
16518
349656
79097
499309
256209
205284
254658
55711
103894
179991
357547
235137
387654
238111
245841
463783
231015
99150
3659
130275
236218
371371
65973
75495
202739
288802
79895
132939
492794
140031
291068
470630
96075
447774
404629
301331
3836
322556
380503
481541
375035
65836
224945
199267
343339
446452
283000
57983
379365
288476
162433
317883
412782
190300
142003
295756
298909
295248
419327
481904
355949
399908
377391
429547
346670
219394
120268
344093
194487
344387
319740
321296
341386
441904
202434
456196
182130
79305
65926
70417
426932
455649
156030
418115
85207
208837
91238
19396
323438
360580
419720
48091
291870
102468
290549
474747
112970
156042
392639
447349
120197
150328
349519
464282
227788
490527
268873
403052
478217
428133
165058
192903
52667
388617
458333
129384
58621
328408
292094
290867
292095
429180
423095
128128
149644
268456
235889
450821
442944
98110
204998
47858
341327
269244
105421
14014
11270
479087
479058
187411
318617
356376
301789
331217
330374
62410
61132
371451
106162
187235
58030
206969
232381
148649
293941
302963
442643
10736
50461
344544
420118
102579
68321
454550
475147
137669
228923
174541
186079
200822
279726
403803
280298
182775
428777
315325
347989
304510
103465
317573
312408
58581
9486
325591
332571
22652
470177
202319
25350
404035
465065
498398
350655
250436
70684
333568
148686
360278
448686
429890
359098
26618
471674
374378
428517
405245
440862
90333
362438
27010
430722
385641
497120
421803
362605
495567
424537
369878
257225
357124
176613
480409
428800
393994
44943
368641
134061
489991
456030
440919
103632
158718
193342
273003
223733
323044
214325
287918
476261
274384
456541
353554
326425
72468
49157
195349
449243
377817
106116
116306
264992
126035
10172
131489
312783
340713
281783
257116
237662
367701
304358
240226
89623
81520
468245
43096
259083
415288
236747
193242
103040
376994
294943
5831
254335
360126
23559
164883
311057
418341
121364
215092
214582
140040
270929
233067
258186
342552
406291
31179
251429
243553
455971
471939
416480
199859
355809
215032
153131
170570
298690
483830
108117
142031
49921
22544
324021
462116
232009
397795
422174
77205
81231
400366
24732
497297
199567
354413
332215
250743
123107
94711
287352
43989
377315
416470
380036
333762
290653
481589
355597
353211
85689
192833
344365
484428
90346
348686
314450
459892
25929
183655
49119
285016
63206
445082
117326
1128
435725
282834
243494
9503
334629
84791
415550
335148
205010
209668
397799
440096
6841
71378
100671
300599
