169
648
2910
900
699
465
2677
2247
1911
1592
2947
417
1583
2745
132
1578
2949
908
2278
1097
1512
255
470
835
720
975
1324
2166
1878
2450
2605
253
895
2807
1443
107
209
456
1789
1479
2216
1522
2812
2587
378
2525
414
1175
2659
2739
1730
2552
994
2814
1785
1563
542
514
322
2182
688
2835
84
870
2868
2157
0
2335
1691
1106
2249
1333
546
638
2404
1626
143
2585
1900
131
2578
41
1706
2365
1498
902
2060
376
1107
2762
1071
1939
311
235
867
1569
877
1784
314
2455
918
1831
1252
1020
1847
40
438
1620
2863
14
1717
2629
10
501
1652
1321
627
776
657
1932
307
939
1500
89
2143
1523
1217
158
60
1302
2107
2768
430
2715
2757
2735
786
554
1277
1787
1127
2592
17
2744
2543
2297
2573
1178
229
398
2266
90
2999
980
2764
2928
583
609
837
47
260
1466
724
341
623
1467
640
2293
549
601
1590
2155
1960
2890
1830
156
1105
1714
2428
1135
1156
2357
2819
2372
1854
2504
710
2201
2451
1581
2066
1838
1950
1049
1842
74
2082
660
11
2699
564
2134
1594
598
488
2215
479
2007
2952
244
678
2031
352
802
53
442
276
2846
2124
1907
791
625
599
1090
547
1803
2867
2299
714
2544
1786
537
1817
1101
2540
1227
1746
2845
2041
2385
2929
427
2374
746
1593
730
1726
50
1081
874
1510
1759
2213
2695
2315
2514
1518
2003
2075
1183
1
1352
1099
2950
2915
2313
2563
120
375
2301
2876
1788
1326
1474
946
1735
1580
2181
257
1449
1358
1223
1068
535
4
1255
866
681
2460
2256
2204
2903
186
592
1410
1147
2115
1220
2431
2796
16
2839
1472
2291
2943
2576
1909
957
2690
2555
959
1516
1574
2981
1155
170
555
302
1198
508
2202
468
813
1765
1014
2650
974
1461
2034
9
1896
2600
2964
1246
2990
1687
2098
2013
1093
3
984
1557
1407
2440
2462
147
495
2547
2136
2387
1189
2749
2713
2430
1111
394
1926
809
2126
622
556
365
183
1929
1153
343
847
1102
2479
1782
608
553
761
848
2290
2957
2125
1850
1935
1600
325
2530
119
82
2106
128
2415
875
1688
698
232
1792
2847
2102
742
424
2123
2825
2501
569
2798
1754
1473
261
1270
39
164
762
1310
727
2190
539
2229
1355
868
1825
1985
1956
299
576
1025
824
2332
2827
658
2461
2691
263
1434
2070
1922
458
2916
2824
2969
401
65
1571
1309
2803
649
541
1077
1236
2772
773
2980
927
2686
770
1179
901
1550
2826
1659
2894
2333
1972
832
1275
861
862
1668
2047
1682
2373
1444
1802
439
1711
412
2196
1283
2053
2068
1912
2305
123
1908
1766
397
2285
1875
2334
2898
2465
752
1176
1488
2539
277
87
1524
956
2489
1664
2855
272
2054
1435
594
2760
1219
151
1468
1440
1755
1999
175
1325
595
842
2832
1456
2045
909
1940
559
2951
2399
907
2200
585
2426
1123
2668
1967
1136
1934
1530
655
1382
2811
1513
2809
512
2779
2984
1511
2002
2698
2264
336
2881
2627
2069
2273
1720
2073
2521
1718
2625
2016
650
2463
1305
1611
2048
2854
2474
2844
1969
1200
1184
976
863
757
111
1138
2793
453
2347
2008
1870
2362
2612
1529
321
2932
297
2429
428
2742
966
736
876
2935
810
222
2883
103
750
940
1316
2783
1997
995
711
821
1451
611
418
298
2235
2309
172
1828
1840
2515
502
1506
2160
2608
743
1329
2076
2011
840
155
1044
2214
2296
2227
2820
872
1953
879
2022
1152
2390
2853
589
1036
1004
2545
262
2237
2270
2692
320
2043
2804
2383
1130
998
1342
304
2207
1570
570
2412
1074
2231
1109
2263
849
2927
1221
1460
2730
2616
2502
1115
2852
2861
286
2406
926
1866
1285
1957
78
1974
2992
768
2369
839
281
2138
961
310
2094
174
2165
1370
1160
1712
1865
1240
1556
921
1952
1998
2816
894
2260
1948
2756
2972
591
798
2055
130
1749
708
1064
1199
2577
2860
2907
1428
2495
2402
982
2727
92
1551
2810
534
1413
1978
986
2024
1675
1248
1973
951
75
1818
1504
2057
1354
1897
950
521
778
2524
2911
1602
1062
1677
2896
1880
1867
2635
1601
574
54
1914
2630
1347
2681
1423
1096
2505
1348
816
1586
1188
2641
2848
2486
1517
2785
2787
1235
2892
2350
739
2283
2049
1001
1019
1211
2103
1672
723
2519
332
663
2411
2518
2656
399
2983
2425
754
2319
1229
1724
1196
432
1395
2447
2343
1273
1539
775
545
1670
2105
1767
1385
2648
1457
1263
1055
2149
2339
2701
1126
1756
725
2906
133
1965
1006
2830
1653
941
1606
2
915
2925
2802
2775
1478
2230
1390
1026
1641
1406
2072
2277
1167
2966
2346
2476
1617
858
2874
871
2117
1114
145
499
2298
2199
1619
538
1807
2769
1447
449
1721
1133
1575
2110
2977
1645
2245
1986
2689
1822
1923
729
579
703
189
349
1069
1632
1804
2183
2956
1103
1146
435
157
1863
1417
2225
1931
2694
2973
2959
2205
387
1017
2758
316
1857
2458
1079
572
1915
1290
1442
8
138
122
2649
2097
2529
1993
270
1901
1844
2741
2195
2044
2381
2773
970
787
1501
2389
2488
2058
911
88
1011
523
324
851
1495
96
2127
759
2971
2945
1233
2292
1777
2508
1764
1776
763
765
2900
527
1086
2580
686
245
1561
180
403
2987
600
865
993
425
2314
241
2607
2042
2922
2015
1771
2632
1100
422
1836
1547
2557
573
1508
1163
1869
919
2859
1050
1811
2602
1639
2707
2322
2509
2193
2813
2590
898
2886
1491
2464
2408
1597
505
1264
2287
23
2722
2708
683
888
1453
1212
1335
1930
793
149
2401
2985
1826
1319
1056
2480
45
1237
2597
949
1463
1177
2606
618
2492
1216
275
2062
969
2725
628
152
282
509
48
1425
960
2651
1150
165
854
2438
713
1344
1992
408
2666
1770
942
2895
136
2572
102
1812
1732
526
13
2083
1937
1519
656
2071
1552
2475
1521
2337
654
1538
1351
80
796
2889
1899
7
811
356
2533
1674
1289
1913
301
196
781
396
2763
932
1436
447
1038
1728
513
2274
2382
1404
758
2887
1418
2960
388
1487
184
1751
925
1713
2151
1686
1809
2640
61
29
42
1904
2712
2684
2162
2482
1151
578
2111
181
2842
1013
1925
2496
2843
519
747
1328
339
2897
2817
834
2899
881
2619
2566
1369
2753
63
1962
1576
1191
2180
920
1669
630
2754
827
755
2871
1122
913
838
1779
2598
531
2410
2140
1471
1603
1145
1588
1902
692
2086
1396
972
2647
1799
2065
2679
2234
2617
2558
1778
1884
2717
2746
845
182
1182
2962
543
1259
2477
1877
2734
1879
1432
2444
2520
2821
2767
856
1323
1540
606
2405
2063
1465
203
2351
1400
1009
1861
1486
2569
1314
637
1839
749
2144
2913
1377
948
2875
2168
163
2560
2092
511
2674
2021
2700
1365
738
635
2353
1067
370
300
846
934
1891
474
1202
1294
2037
1172
2325
1291
2579
167
446
1945
30
2920
46
250
194
1554
586
1860
2254
2559
1958
44
2995
1262
823
1616
2033
2914
1164
2967
1981
205
1051
2303
2184
2493
190
1701
643
2084
420
266
1373
1194
21
2494
1002
2738
2226
1658
1666
1278
2568
328
1161
2622
2908
2614
1537
1343
2473
1003
2080
1159
2791
2662
1758
379
454
2777
2409
1201
2671
883
173
216
1242
2095
2368
97
2171
2240
735
1835
1852
2059
2705
2154
2776
1392
1699
1357
211
1690
1719
2280
1689
1942
2637
1845
294
1656
487
1419
2393
801
2279
2220
419
944
1648
1988
2865
206
844
2025
413
1595
1739
2174
2392
2328
503
1094
2268
987
1892
127
2513
242
2208
2655
2799
2522
2599
794
2248
999
1886
112
536
431
1362
962
1272
2823
2836
2029
2532
2941
305
1121
1630
227
1577
2490
287
1173
1638
701
1503
124
1599
1066
1966
2596
464
476
2116
26
1695
1208
1296
2963
1573
2601
967
463
312
1814
2306
2904
360
2014
2046
1657
2108
2702
1408
1548
