67123
3175
26643
55484
29379
12685
46687
31873
42754
76289
10375
13433
16425
42828
52487
32059
18680
46890
66186
65713
53064
91826
15814
63373
23471
94469
4965
28102
94978
95700
50565
33503
13177
7403
1443
25066
28130
92780
11409
94671
97294
42136
81685
49126
91767
25382
38786
34346
96591
15882
56103
46699
66024
62289
46159
86059
63923
4627
11921
53544
53819
16698
40456
73819
35887
22795
1925
5561
82481
17921
95912
28441
76803
55104
69686
76340
81729
84732
21729
47990
50845
81673
61755
7822
29719
45419
62592
55029
86790
34541
17297
60763
962
30133
57326
55178
82248
35525
94901
14114
94600
38921
25209
20313
62170
65555
44787
703
2217
26126
71239
91605
56706
10949
59428
25262
23151
69521
40881
59381
12895
34761
38144
19073
7630
84518
45359
10428
50578
23559
54021
1690
93312
20790
71702
96143
89493
88325
21696
53031
5866
54303
32566
46978
6641
77157
53542
26926
18682
86637
16665
14799
50493
72170
1059
64888
46513
1176
29482
60087
46339
15155
48265
13138
90617
16243
54515
7885
10527
60775
52472
73220
3467
65739
48818
97930
14392
74319
65117
28864
46030
47797
69251
53866
81763
35095
8779
71478
87986
13888
93210
26638
62806
46423
59341
69836
62276
67464
61692
13856
14143
57092
50212
76271
98082
11182
24330
21630
81472
85816
63831
88068
82504
14934
34637
69544
23246
8340
87820
79134
17381
56345
69252
60331
84257
21607
2888
22846
82285
15931
10149
64188
37152
64930
87740
83849
80347
8820
13317
94051
87055
27712
12216
70409
66800
99647
92693
66426
27305
67613
48463
77774
31964
85881
51436
59484
50439
66538
89327
65778
5874
51663
51353
79767
24238
97123
41080
47351
82434
73821
96354
2599
16223
43486
19254
41502
70919
34526
91203
772
20966
92185
3210
97059
97451
73952
88648
37139
27358
98275
20036
45183
43705
52558
4927
52252
98936
92266
8950
11035
94058
31093
20292
38729
4819
31489
821
58284
13713
58758
94434
82551
57445
75710
88564
65084
44226
119
65253
23726
41911
85216
1604
9368
64347
99265
32041
86476
60173
52854
16167
3540
60311
72126
31690
52300
60411
39411
16808
14847
41887
81882
18691
99736
32939
99703
8485
7298
61084
48469
91265
89666
73387
6929
33677
39927
77985
83784
53966
63751
76743
49825
45814
39956
60120
69029
39095
4953
24164
38757
50171
40831
38315
46097
92911
79770
40344
62769
17208
72216
38534
9102
14296
91450
86751
22724
96822
2371
47791
29488
52992
66668
61506
73172
45801
11230
93739
50099
12845
53329
37489
71363
21192
79804
58838
25
96618
88807
38713
18937
41146
13345
89131
78825
6704
42236
64756
83706
34960
59330
389
11826
58943
27660
34805
41125
20743
56141
48985
6818
71002
66998
87495
93683
74167
24572
86212
56417
45075
47897
62602
36143
92045
71288
26219
8963
60666
82027
86383
53712
83272
57738
77677
91475
36062
41609
69240
9302
84142
25902
30656
23146
27355
82190
11949
65424
97024
53603
89892
31647
32324
47194
97798
32447
74844
43849
82535
55507
90568
71891
91215
60030
59683
46938
19821
42518
89181
13744
44018
78486
50016
13708
73154
78783
33102
96870
15547
30282
18927
40866
41517
95084
15717
61034
53834
52182
90324
40002
88871
95399
34405
80687
53844
43341
61030
57378
86694
31344
86080
54085
43233
95468
61642
54410
34117
79681
3703
14855
94523
7083
18934
78721
73149
56500
70077
47875
11868
75036
29191
86349
76128
43346
68835
26347
78757
42910
94941
44618
65697
95508
68524
37907
62751
64262
44145
14710
83162
20025
11318
45799
84313
48873
32715
19693
34578
84249
36964
75366
24916
13875
22284
81548
4670
59325
58124
75069
20550
34232
72638
49984
68695
44190
41993
38870
83882
23270
78481
22263
16393
38892
27986
80004
87990
42271
30094
24693
25521
2049
60910
97427
1502
43533
7485
51202
34894
86534
59317
45847
98746
15775
21737
9743
25350
70413
19145
21586
20941
93176
68632
76962
93147
9875
78554
74379
60524
22405
75735
19596
7293
34642
29080
67185
56772
15273
73238
40946
5958
67342
41397
77010
86101
87067
39487
6548
51497
92144
17378
15558
86043
81848
82710
73893
21243
64901
32368
99214
77555
12469
83803
12301
82296
89635
48502
56531
10459
10308
78778
78118
29021
98957
31613
99720
243
67088
41359
78659
12092
11813
88123
88783
94426
61558
67553
97003
97272
12324
67966
71840
67785
1744
64580
29570
95072
60868
29857
80675
55410
51401
54495
36323
38007
94957
93710
23610
3826
80860
27394
99398
73966
491
91049
34758
51801
73694
49135
48210
10073
4798
86030
38425
89235
40541
91301
68240
77978
71233
26502
55801
90340
49123
86171
99392
11653
85607
51809
33008
95879
33968
11223
77432
50010
94507
90224
62879
83181
16350
35067
78894
95135
24308
7650
51150
26435
26605
73861
2817
43351
17294
84583
29700
83687
37582
59168
13973
58246
73416
2758
93664
32759
43500
13277
11644
58688
8835
47000
93161
20174
25824
68272
67768
94150
52082
30211
96005
91200
9149
74840
31692
14361
8394
5079
86722
80528
30954
34231
39997
94693
68094
81879
97145
4280
49642
70075
51383
84862
35375
37448
93013
37620
66646
47506
94676
39757
69197
24937
40910
54136
11428
92101
58079
42595
91355
68386
49141
51541
77220
30142
99282
79768
88162
51968
20141
82994
46011
78780
55300
98236
25524
99908
10105
69816
83957
9546
46572
7638
89822
8183
19436
86583
1687
83707
11978
86102
36924
20119
9460
89001
15908
88262
9311
71087
7690
30285
79776
60224
47498
12786
44796
40035
40293
65437
7586
64929
45107
46177
41186
39948
38172
57411
27363
52964
92726
53826
85043
53193
4326
32848
98196
64092
5844
18112
64793
72691
31169
17949
41306
4942
22964
69937
96364
34223
16637
50564
90548
98852
54101
50095
881
93324
18398
14835
66491
4811
75558
98983
36828
16800
84745
64465
787
5672
40163
28278
63631
95172
16625
97299
93430
80608
52951
31451
96170
95151
29214
14057
42172
64562
23573
26639
28927
84596
18300
68297
5513
74381
99781
35972
14789
53816
58935
15675
52720
70656
40686
29013
51933
84607
61465
35149
5404
7048
37164
3573
18601
66246
79299
91979
20334
58303
13094
15875
7030
36741
71303
79294
98457
82632
92985
28109
46215
48839
88788
39331
77738
41216
31821
65974
46833
48623
398
91445
30170
23604
94837
63463
25732
32354
72287
65938
24577
8790
71535
29751
53382
92116
15926
7804
64227
60750
90148
44393
63921
30380
89471
67778
4451
52546
34501
64937
82313
22897
45396
19457
98749
87665
96516
12195
35555
72653
9726
77865
68314
67900
35931
48799
79229
37013
89237
64719
97447
46259
14941
51412
14619
57863
78375
33887
20181
51617
91860
26644
61504
75859
82930
51528
48188
55110
51675
65386
48401
51632
63220
61615
76705
64242
68610
71125
48877
84589
94598
11248
94428
19443
86424
63646
60511
73406
49778
58903
69753
48007
9537
47723
89469
74735
80779
77613
9619
60042
96212
39352
80168
36127
75370
37825
62354
28292
14459
66964
49129
86279
21722
40683
13879
26669
37024
65886
71392
84189
43257
84740
27646
80178
50673
70874
30704
65220
19648
7448
49067
22955
35774
93023
9046
69239
94045
69453
70028
48328
36473
29487
40114
27216
29888
61129
46968
86800
34633
77706
18810
91532
48254
21558
95169
92277
94932
91527
82497
50945
7923
85773
3282
72173
17192
74598
89791
66980
67376
24058
39436
31269
58770
55578
79867
22420
85377
84466
43066
73674
64000
82699
73067
1781
51923
90756
506
59851
76532
54717
47546
49705
52618
95893
28506
40916
38908
42551
88894
70034
49564
38545
92221
76146
53851
24044
75749
55145
22136
55678
4574
46902
23331
31828
36759
66206
24684
69723
61457
86758
56273
72726
50325
52717
35839
36712
31643
39949
39868
9161
55374
81817
15793
69752
62071
42502
54532
77114
82725
75173
21813
36467
61354
11537
70968
76514
55254
13198
22487
57702
74910
25880
38371
76754
90661
57236
4107
284
97049
60241
18766
95640
77007
50290
61980
43587
82029
46816
21912
18877
78393
75678
50321
31987
70012
38561
96589
47835
65741
3330
47210
80024
13122
6903
22560
56611
59396
51382
73588
76839
49662
6098
65949
80052
66224
12408
61409
19037
14145
10831
4957
45636
56557
37264
44228
45210
97520
57073
31474
56215
14040
34966
55650
34538
91789
50162
55049
37333
97715
89544
12107
50188
8557
58822
48507
49943
94593
7201
50965
21052
82487
50644
58280
93119
89697
96905
28394
67978
57681
71589
34647
91104
2332
88142
25735
9785
55105
85427
79087
77307
92770
1887
61328
59747
49948
75035
13438
2159
71180
65876
4797
35407
23658
33433
39090
39042
77598
98440
1609
15395
90241
24840
87612
43569
65499
31323
71872
9934
36808
90450
19524
57821
72569
19054
97416
50546
99909
45775
26758
76137
75716
52711
80191
46110
16724
64257
93858
84873
84730
44360
71588
35686
87470
30503
84651
49375
69236
23425
27024
96882
36110
73286
75207
14618
11807
90478
3300
24158
17611
19420
34314
52323
66333
72742
6037
82054
41530
18960
16048
79750
27914
85960
64831
95973
40988
41917
29169
77025
41215
51180
34577
83539
61308
15094
5145
3938
40663
89561
94223
74462
43252
29730
52839
30783
25046
50454
10687
30475
38052
67968
58602
64419
67828
79534
11981
88462
28437
51596
52583
80512
64364
10832
51097
67480
62604
28534
14125
49272
47701
1733
93666
68086
46489
55687
11673
36077
95835
40875
88815
64170
12371
22227
32729
11424
16446
29743
86550
11399
88475
51771
60105
82249
69012
7330
97101
46300
41605
22847
4457
53997
16905
18481
99990
12595
57512
60376
20872
27310
49461
4690
85825
59034
89986
95247
11384
22387
62047
75491
18598
54834
63132
53519
45637
14454
53791
18774
58167
12175
1867
74272
14009
57313
818
71502
33184
32871
35524
86831
40230
16115
51847
32055
9357
359
46972
7756
72583
61568
23859
23894
17984
24760
98904
38316
95277
89366
45339
1948
13466
98581
52934
82974
49534
59579
48668
66050
22773
10350
70440
36823
63820
70576
97241
96164
5138
59809
87757
25874
38134
34419
69267
16898
78739
76354
94290
33758
24897
89092
63145
58993
80162
84987
91915
27297
48322
64310
99920
40530
36363
16169
52232
62082
44799
33992
24874
25201
67854
27556
1682
96261
61239
59985
80286
66713
69778
79980
88948
20262
82891
81617
65081
18477
93360
91655
65902
77755
37667
81289
93260
69657
19022
46924
98580
22954
63395
40376
33219
7001
77528
54716
73242
67810
24801
59286
99843
61175
3038
32733
6555
78758
6315
10555
24309
74396
34076
52413
40421
94251
45117
23274
36343
23597
63847
64203
90115
18964
72993
47099
38865
86233
18253
38236
75701
76893
89951
69706
29950
29673
95638
86064
61846
1281
99594
59577
84117
59124
2856
24490
83739
2796
85944
4524
78592
7208
66373
38115
73656
31689
94904
70876
78792
64363
74794
19642
38266
35841
17881
21031
65729
86357
62095
84159
59189
17560
65472
13304
52127
24384
12911
41938
32742
56137
82539
41268
93882
70578
92825
80245
83408
14971
69695
66956
41524
25567
19724
81387
77537
34163
10957
89359
65219
82205
99901
24574
5901
98975
50094
23265
75018
20163
59912
75575
81758
52262
89081
52242
85446
24779
75619
94745
69514
80311
46155
16760
56696
67099
15184
43985
97157
35905
25901
89301
73353
97333
87695
6054
92967
3724
94490
73179
73906
46899
53167
46403
92607
58730
88268
810
24640
21441
66867
2457
2434
64410
17425
73118
17142
5239
88409
28606
52812
35034
70256
54575
16467
43258
74994
46298
46308
24035
30427
5992
63101
49431
98932
35023
1427
33991
40830
76487
51122
96139
49908
66176
76737
1041
43240
55725
3156
28718
83172
75102
97947
8105
10965
74478
90706
48759
29454
96481
17022
73444
2388
97316
22194
76733
5936
13790
24077
5816
22978
12693
304
77892
55095
85158
80949
44496
15034
78472
99316
50608
83502
68842
59646
24290
8709
27045
28022
11427
52328
94602
82337
24647
11420
82687
57278
41702
56913
77187
11629
13268
70462
7497
71854
2481
56895
35406
76805
40361
85509
25611
92139
26732
8940
24765
8756
5897
38077
54388
65233
23889
13247
5097
32111
59297
27711
66954
26675
12255
36926
8566
75594
84056
95685
47423
83487
54787
12495
7983
98728
89136
67326
18581
75930
9674
75037
55800
21024
50753
47617
7354
21445
90132
68114
97188
86264
81297
14399
49844
8878
41655
54904
62308
18405
67878
47366
59842
58128
74625
58928
75342
79856
51975
29019
94437
36736
83173
87206
44694
36721
78540
96823
5121
27552
27824
17772
79335
59917
23185
53175
63802
31857
5840
65565
89125
63698
45222
96651
13278
89693
90609
65165
35725
95081
57030
22443
38991
21881
8866
46138
52724
39484
91731
62377
2615
2454
68218
86977
30121
23467
18343
74933
20524
36124
86926
2581
37881
67531
46565
87528
58983
60273
74032
14969
43784
69674
72295
54289
42213
45729
19379
16542
8602
12339
34204
67455
83384
72997
37428
21347
68827
56624
51552
30925
92458
14887
72424
54646
99740
47898
15804
97092
55556
89868
89039
60476
9194
78837
72607
91733
28709
24122
48789
86702
80925
44022
31509
93217
61373
70349
73942
58133
19171
85050
54752
42151
96921
57183
12387
17469
56838
88695
83612
16865
69713
68965
21433
29341
88155
19607
8174
88306
58326
12961
87263
4068
50529
58470
49100
58348
925
96178
35291
24759
55329
69888
24239
5316
52818
38685
16660
91849
69187
80067
32911
52416
61638
58967
86530
2630
50824
23538
71809
62705
31726
8957
51232
45760
58427
30794
75308
81811
27578
83434
67119
75670
203
97239
87237
58754
60980
63136
70813
58235
88459
58185
89417
9896
31713
35585
21762
66799
19382
11707
90053
30383
88205
89976
93886
8040
91421
67980
13236
98858
42930
8238
10187
30135
96901
37374
95891
12606
52822
85867
49749
70248
98879
68921
17528
74347
42879
41056
13079
81426
91801
3199
84245
1644
17417
70916
63840
23206
21215
79773
67309
27509
98350
59180
11569
60072
88214
59169
17353
62315
81100
22346
24482
4689
29618
69274
78519
42054
95359
45279
71745
62881
21020
80112
56430
76918
55234
30433
43127
22933
15966
44487
5681
11199
44859
83202
11237
87315
57433
56380
18200
65985
41067
26300
55600
33692
17508
77499
63188
53926
48853
88865
72023
74881
18847
53737
97081
30776
81711
11634
17979
39240
60623
32774
47325
92728
79371
28476
97205
5898
27121
76596
80628
33061
82005
95734
87019
21165
89112
78028
14922
59663
93066
49073
35966
18259
67407
29486
45882
38562
95903
55440
78594
45628
11109
27926
65205
87365
1451
20663
48614
73161
16137
46388
76734
99177
79971
35701
83614
47285
69881
75970
53987
12410
17926
56605
67229
69915
40022
33492
20948
35155
83607
59145
59895
49716
48660
70197
41348
6992
51869
50136
76749
67009
32667
80977
69468
53761
20379
33820
90842
72976
74900
15584
60029
64436
63167
93421
48791
92423
17429
82435
41301
71
50420
5579
36137
45956
1409
12897
35973
74928
77728
25311
12891
67075
7841
47552
58407
25461
25840
28503
65773
46408
5528
8132
7616
90763
27493
23292
95766
23537
45582
87248
93649
92344
29479
12782
56699
76515
38948
43053
87426
37629
94331
57188
5927
27277
27197
97449
77995
39789
37518
71833
327
68599
76569
36353
44427
70266
98624
26485
92540
67105
18331
62079
91621
68249
6981
55382
84522
57517
13980
82341
27335
16570
98225
32580
89388
42511
99784
16403
93153
11397
90983
25493
68652
71257
58400
99018
90396
28458
8992
68465
61702
32226
2353
7191
68236
24329
41742
59823
94455
15138
27447
66219
42428
29391
55231
18689
82147
85757
4367
22602
88060
72506
84306
6095
57649
19733
86779
23552
59698
69463
30268
1835
33521
20640
71056
94103
87865
96132
61583
66292
90391
80217
31124
19132
22137
8372
39878
94547
37516
49954
9791
87080
98386
62303
57173
57873
31965
55807
24141
95694
2728
95294
67258
25138
37108
93775
30900
49757
45383
60574
10710
71881
71863
72746
92176
43980
99512
50486
76975
4045
22673
41892
84061
77265
4896
83501
21867
74833
4410
66890
29297
71178
94924
58846
13427
98150
26697
25556
52283
41207
2786
93535
20007
55664
22983
79736
77302
36726
69590
16710
71260
50891
44688
20661
87358
83816
79616
43853
58202
693
85793
99947
53992
85209
88813
76986
26799
12464
74771
70474
57396
74949
43900
83156
22192
32936
32601
68602
13899
4025
67370
95188
90658
47728
18983
25035
22296
88009
19439
90971
47261
4436
53724
91514
6716
43918
70543
65377
73578
77004
28101
79202
89625
16020
9806
5413
63555
31910
60753
28572
17682
98368
1438
16731
44609
4067
964
34699
52489
58067
8920
11204
42183
79882
6418
30106
94207
84823
28493
43021
91637
20825
26740
64036
70080
85888
24607
83207
40180
6380
50562
64799
9385
53371
11253
37984
21731
43467
18081
83574
11836
46808
80353
88979
4097
82936
69027
60900
14416
65730
14311
92743
83526
72150
34840
7932
34434
32881
75453
67751
61708
58568
82324
17063
30678
42251
30257
88078
11236
29552
20764
74761
47647
50544
14156
17870
82741
30674
80398
14167
55339
11303
7702
68409
73492
93581
42297
8804
67524
63753
90958
453
42255
46870
32022
53606
68233
73244
69258
82408
62380
19955
33913
1582
19373
21584
62702
10360
12976
12626
19600
97231
69786
30323
17059
54603
63323
40245
16606
63740
50112
58950
17382
49035
46234
89916
77711
74250
6390
93745
18911
86051
50318
52862
47175
15285
88751
26680
55272
7691
73298
22111
35419
35473
18852
57237
25296
31513
80187
51261
61231
99932
97152
57478
30283
23171
35771
69235
27602
82921
17029
74846
64948
50918
48809
20318
33518
71807
37307
63810
29422
15194
46158
95166
4103
69432
72983
702
63112
50227
17084
66301
74264
53442
31334
67593
66520
652
47921
2365
31715
72660
93078
88430
5501
92143
33090
40699
72335
69288
47046
57337
19424
97106
64916
50433
62228
60922
99860
87569
36222
95535
55081
22378
35051
45477
83346
80808
31179
77717
43098
30485
7310
1874
34159
17331
8207
36743
72064
27448
36538
69388
74179
11084
57699
55699
41878
75765
42238
27341
14428
55883
15089
95156
34376
75235
56311
26666
54974
34010
99632
10839
62260
20805
46095
9300
92149
95520
26432
44648
39818
74848
84433
87667
94675
90505
36995
10025
48568
81349
45512
45466
35098
45243
28405
48580
33513
12360
78323
26458
18830
42751
70212
46823
22001
41786
21995
25390
65402
60434
24793
88717
69565
19808
91972
50109
31242
42988
47416
75199
40102
6110
58182
17479
56975
17942
26618
36979
25684
29011
87505
68540
49202
39040
431
80229
84090
93562
87154
68821
40712
80833
40842
26159
28879
23228
29833
72747
42710
97672
83118
25300
45934
99559
31024
80252
51113
71784
10728
17234
39500
91120
76457
98499
68642
27753
35116
6244
97217
72936
50042
44312
84429
92965
98682
95442
57114
95167
61092
87593
95027
66784
50138
78297
4466
97480
55158
63362
12564
54033
23908
47355
2904
39137
84509
57830
89590
3515
2659
97638
46932
16638
68113
23106
43874
52778
99819
92331
82365
35372
82516
61394
77176
8551
85762
56550
79415
29933
15186
16392
7474
31168
12642
65355
28754
60203
19944
5427
34311
24548
46176
63029
2591
52700
59436
97196
39904
15338
3346
25370
7282
45275
36148
10048
38570
10596
7945
51512
61901
39267
74464
21304
29828
50253
8324
4128
86880
23262
30009
79509
46686
56144
47734
25841
95047
58910
39548
40951
49585
92267
76661
32012
10894
99451
48888
2882
65626
64130
7730
2091
52213
46527
84814
15692
19819
94808
50643
36921
16388
68974
79574
3100
83587
83093
59335
7040
28265
26981
11290
63991
19489
12023
28174
94798
48023
57888
12077
5363
35164
81480
82769
98888
90730
20491
52200
13983
28487
86026
51791
92757
52602
60067
59523
10867
78953
43715
93658
78488
94462
67261
28828
39746
20652
1819
94114
94854
88417
98905
20024
665
68937
152
58762
942
34191
2872
46807
6108
43336
70430
47602
9022
60158
93061
85758
75645
77822
66141
78786
66448
31010
91953
4324
72618
14187
1666
97279
54104
92524
33285
15028
86226
63301
18258
18570
6370
79291
82152
25034
94651
13057
30824
55269
54087
18864
89254
34336
46079
24720
40259
94608
61813
26518
90813
28829
17140
21685
68772
71766
43963
56209
59766
20126
99080
60801
96519
21226
71643
39751
65903
74369
48407
44733
5621
95263
4887
20870
84849
5926
43168
71511
72389
71352
37506
76143
81534
82901
34549
25210
36456
81
88584
95243
61076
5537
3412
86032
67898
4536
93971
21777
87774
39251
44765
44801
28445
82214
39033
2546
68230
48665
17522
19843
1271
36752
17301
32641
56512
22617
10477
43670
17218
95714
20188
73517
81700
32019
92992
49703
9550
89088
16533
58736
92668
48442
51289
51423
48874
99868
14703
73450
35522
38973
28890
3788
17943
30852
13781
27204
84673
36862
62424
91345
36619
92832
45237
20994
91481
81445
14365
51380
17867
73141
45300
45344
49241
20706
90824
42364
43030
47196
12403
36781
64755
55266
45859
29937
56368
8581
75570
26585
78930
88641
77410
61767
19876
51706
49477
43237
80726
65918
21027
46872
20297
79244
29739
71636
2427
13570
20308
19434
23712
17659
97319
32872
26660
6891
21749
33425
54065
84279
36597
92680
99970
66752
15844
39069
36287
3874
20381
1898
91645
2513
84659
8946
46739
9213
30347
46696
23240
90559
62533
66358
27514
41707
3648
34727
50392
8079
33415
96990
53267
69728
66718
94141
90989
15659
37872
94259
78072
30349
75049
25760
40835
92966
54204
74363
51082
74040
87430
56161
74042
29107
64109
7566
98806
31279
76160
16149
51282
95727
39398
68554
40602
22336
40715
99493
60849
50222
75314
57271
88279
89265
81293
13147
43170
9503
65127
79220
85483
67565
58401
12030
76637
19571
12485
90431
81655
14959
41648
98145
65270
55169
77724
80543
7303
50794
20217
84012
58800
52514
43305
78206
13287
32389
55774
68742
31402
10053
53152
92453
67923
97058
47726
85514
44823
53109
20026
30501
99305
76145
56040
61680
10367
16670
58841
28390
31853
40813
92488
81611
83486
60583
85459
32959
88
57450
26290
32864
53295
88219
83437
12868
24704
99566
44525
32079
33333
23953
71518
98951
28838
62515
32347
51414
95657
35113
45748
7898
38878
48981
63807
43290
80568
72667
67414
79247
75377
61044
16983
32144
31717
41839
36068
13520
11309
35561
96196
41106
61811
40255
26847
88077
52367
33417
8976
45218
21812
47808
63669
20726
36256
58426
82100
11342
24818
2726
36887
95824
25697
16473
32945
33946
73228
214
12501
46775
93058
25883
37175
2687
52241
43816
27828
96480
4752
9564
91402
63837
81257
77977
56957
27464
57849
19299
9899
46100
74941
39542
9008
59784
70539
2837
98259
77734
74273
18267
2797
57875
30292
78292
72939
79970
86071
92700
27064
19726
60620
31634
94483
98267
15241
24155
26193
42105
39934
35696
55889
39382
67125
91304
74410
91778
84123
73539
4204
68331
68927
41363
31314
66864
86823
945
90632
2829
28670
48415
89605
81046
53427
65272
43312
89149
31839
94877
49106
5475
17516
99015
17457
44574
15327
43736
955
94281
45776
27080
41192
72421
68047
77825
35401
83391
36644
80141
50041
50329
4487
88350
39384
36075
88530
14634
39570
77318
978
39597
94892
92000
17248
58380
34036
9771
5019
54975
94581
62322
48192
69994
30614
70495
83226
48319
63509
57024
99384
78604
32028
40644
55853
53994
20204
70985
29281
80272
4270
31593
50261
86038
84870
84171
67138
15534
90048
71570
40254
80147
37698
7371
39661
67695
20671
10859
40391
62218
91028
59460
90581
7811
7326
96032
93828
75449
96101
13499
69221
26373
59831
69614
62412
827
46187
45083
5797
72301
67602
98508
48461
41293
93112
34107
28465
48554
65006
30404
61684
8797
68627
48381
69689
8082
70661
98502
15182
75051
66345
67609
32141
4348
77546
65447
34002
76700
12086
18667
60410
72152
47556
10977
77278
595
5465
69147
12281
77628
23738
70738
93831
76579
51101
95751
46883
65181
62704
83506
51819
30439
72847
12274
98926
18376
59027
96068
74608
15154
66621
94648
85082
31677
7943
2359
57420
91183
22814
6222
67481
63376
18892
65209
94057
2771
18850
83196
96563
81174
91109
62663
24690
19127
45133
83494
50275
75821
91679
69169
990
50098
35733
78663
63239
12150
24678
49905
14856
93413
58678
20461
39402
7654
2593
15153
36809
39249
45836
5854
35894
15915
83761
81435
19211
93792
55325
32015
20242
55878
74422
80539
70794
643
74325
82571
20218
63025
15062
24520
12325
26845
85048
68068
46677
37308
85516
31615
64976
32528
28555
79494
11264
30863
61159
72823
70003
70371
46710
63359
35353
6852
59901
36562
94755
86706
75676
78378
4119
7185
36152
33530
49415
75832
64513
80282
62712
80563
22293
63516
36613
27351
96801
97422
12118
70153
86121
96807
73614
91647
65995
40312
628
42181
64767
47685
66495
2268
1655
85032
35321
34796
45824
67336
89033
84871
31616
34382
94508
66432
8901
3479
85035
68568
34646
91217
62686
82471
90155
88862
58117
1928
97710
58578
13497
33239
82590
87930
55859
30182
80139
10274
55700
10050
49266
74777
57121
64816
90880
42169
52873
46935
350
95664
7716
74740
27520
17545
48613
3104
37980
87404
38849
33523
13762
18829
67321
91638
37992
83505
69683
64502
56651
79422
9483
78399
51049
38751
79450
37391
8619
19165
63667
92531
60515
63660
31954
89647
72623
47177
46660
38950
67315
63913
36516
67502
47663
39374
74045
96092
29097
57527
95698
73425
57432
59211
29042
82911
85771
64550
15520
46813
8535
60143
54547
15199
25674
39973
52718
35598
63860
7357
56257
53708
57161
50033
77530
68263
52551
57981
37783
53792
16934
56456
90693
69531
74640
55361
70895
96386
28003
13132
94574
7605
13015
81353
66940
90130
85392
52049
2215
58933
71291
41350
4934
84422
70277
53649
51737
70017
24827
96899
89689
51785
92930
6927
69049
15602
31294
45711
13504
37366
81634
42022
86505
80499
99278
94325
37015
90292
8379
33653
96898
77515
83802
47028
7589
42946
23664
45921
42638
85650
49882
19268
30119
39712
65638
3922
80164
23330
48336
12640
18347
9613
44404
11160
60933
85648
86488
86936
34101
84442
22733
36433
94072
2247
17700
90550
71452
377
56233
21428
44182
41469
89146
61876
89295
90965
48545
56043
82261
80090
5010
44203
19980
56115
52177
23868
66661
90389
14200
94873
48571
90502
55028
66446
28988
30388
67402
77145
56458
75957
158
64427
13987
79995
64614
4114
79760
7428
22085
64891
44655
5640
1061
81356
8796
6750
30474
83097
85076
92124
44038
51692
70524
92952
49444
26264
26292
65744
72813
46970
3473
1612
48050
40740
15314
380
40930
6286
89996
55424
9713
70596
78020
78870
40154
2007
71222
63303
45142
4295
42835
26452
61336
60733
59345
32765
85257
14888
12720
95489
11563
1895
50858
98633
6781
93079
98752
71348
48716
97949
80106
96145
64207
83489
18886
43361
31266
79577
72991
26498
33394
68310
58898
13812
91072
4883
71305
7099
2532
24612
43183
870
74841
43787
52380
33649
81458
10779
36424
84995
76262
97351
9969
80206
50755
47732
61023
79609
31254
84465
11081
17800
71353
13630
53640
90319
84006
64483
2074
53704
73225
34019
6593
82078
33194
45236
58147
21492
79884
65366
73527
63649
90378
67679
82490
13029
24769
45311
56712
97707
62577
31372
4193
46553
74377
28305
29122
44966
79192
72841
64386
67114
96524
99950
31488
71528
63681
25318
72818
1321
33798
91248
60364
12572
10348
14389
91082
73511
90612
23978
65508
22536
17206
52491
86994
19949
40710
38529
97075
91993
17760
83663
71370
3028
43611
56543
88152
41886
52116
11968
71489
92860
71210
63959
41755
37794
51238
66114
3711
95556
44205
62808
42340
90096
52628
58978
75533
98240
39391
54408
79383
63420
60790
56131
34357
56749
98605
2732
84277
65492
17093
49263
87583
87455
19365
8793
78793
76592
99013
48048
27321
5655
97967
72250
40694
11192
25072
49947
23858
25241
28772
85898
44707
90818
13388
60811
92796
44611
22112
4361
99855
51063
46245
22903
69597
17758
65578
30980
48904
17158
66240
48233
57807
22334
2183
79103
35229
99949
36588
94306
92569
49913
67255
51410
3547
21860
73805
49268
87704
70533
97614
85824
75643
49686
62251
12705
44080
84950
48101
42349
28462
75668
72949
93884
53478
64232
73682
2455
14424
46059
88664
40139
79846
62122
77453
37207
63869
92318
89248
32874
47952
94465
1776
44273
31038
60451
46930
12857
52650
84186
86896
44474
78351
49220
4582
39132
41937
65818
48464
2190
83737
82218
93538
39232
78733
98155
93816
5688
24203
58638
96625
90295
40811
386
65661
43453
90197
46744
54320
67588
37382
92807
50314
77864
65289
37678
99726
54944
26963
13310
47009
4256
47848
88620
36463
98041
63856
90702
75513
37162
74229
45722
59321
47447
12596
60894
35924
4756
11440
50812
89580
90268
84896
48691
69560
17277
13945
61905
48279
84412
48543
73531
81192
29668
73204
74010
81540
48596
48610
21291
98065
68761
98306
66817
85364
48763
82273
26494
58032
62099
43200
11378
94568
55363
84614
51455
41690
13205
86194
38994
31915
57155
80096
25593
40169
83465
93565
68351
93059
91281
45569
93907
62718
25612
91749
85211
57011
70858
49961
6692
82807
78911
97822
62805
25777
7743
2717
56586
61669
51449
79444
44353
56168
94818
42933
45129
20276
67406
43774
4020
2812
44290
174
87878
22314
13222
81618
57441
57575
80574
34150
82779
58931
74782
58658
48217
21340
28996
70433
83978
36226
34085
97267
53730
33181
63144
18378
55119
5494
82693
26155
67216
2186
69739
13825
60925
5038
17626
51219
39639
78950
97452
91786
58078
45214
99952
34828
60065
76236
52059
64249
56346
51259
91252
97356
50029
70385
34891
65057
960
35446
57784
85830
10436
24117
50157
58333
7598
72194
80960
8097
70459
22184
32416
40231
48364
6144
2877
42123
23089
14077
24826
71675
76039
57000
31948
19905
80776
14625
62231
42577
25869
56927
4044
25237
91726
20014
54399
19796
13806
63518
23322
32117
55777
85936
22310
85383
54111
31890
71121
17289
60417
41827
75764
1317
96556
98916
14495
10742
64806
88349
10691
91388
52026
45385
49797
8568
37792
99888
4311
19743
12146
45216
93558
91787
30930
38213
53990
31663
59186
79058
61866
81043
4137
59057
78657
9182
89723
53846
60719
32876
19782
35367
87212
30855
17170
44880
17929
25609
3673
2846
92590
29368
49982
12093
23453
45681
90408
69944
4132
77958
90208
77916
62029
10080
87071
73863
96001
74942
72695
62618
43841
26612
71798
21281
62951
14450
75522
16600
289
17914
68571
94912
79763
48160
33818
46291
75211
59628
86069
74921
93822
88568
9693
72792
55849
74232
71926
85529
43889
6148
29202
85928
42576
50482
23047
95601
31781
64067
24246
76666
57368
99837
81823
89202
90624
46165
26633
52769
6573
58289
55369
12535
26003
41625
34039
31860
74141
92937
37075
43969
9078
82771
17202
91232
29433
46630
80846
97228
27896
4174
74997
33886
20208
3728
41222
26897
30655
1940
3323
6269
83804
43308
69067
66150
16783
52295
663
84417
77149
49887
39835
72635
45068
67967
72096
75089
45918
7193
91017
88535
87476
63963
99635
68374
13385
99953
33776
13121
9548
20151
72089
14678
11598
1188
51223
10761
14168
93417
30665
8607
5092
34499
78506
90164
25568
5980
30181
80537
70665
18572
33589
84891
78299
41462
2923
16584
213
61791
10230
9351
31553
61805
30750
53456
23398
15487
31651
86243
38667
35251
12277
62337
57553
38493
93961
88635
44140
58753
45137
73365
64690
13290
27597
8271
57594
18440
952
88688
75192
52192
70287
88703
14484
6838
20123
23623
65524
76887
47260
30042
82339
88910
91308
85045
10188
67111
93686
27773
79234
32886
97803
14596
91823
54822
49277
97042
86916
88728
66802
14976
31749
31617
7548
7250
38519
68008
32403
59305
1255
93751
22080
30082
31653
56389
26557
88712
82138
25441
13418
57020
85277
14205
68142
30309
21583
76820
59111
88547
55741
16390
92305
90397
8787
28661
32209
76350
31194
19017
52368
31774
32659
90792
90640
91618
86091
79224
83822
15963
88890
19558
28442
79669
24092
28472
59287
66694
92010
19713
38613
18866
26064
37268
90039
40911
92247
82265
98820
69540
97519
16421
52912
95204
15421
85505
48737
98480
38927
14656
46573
2052
38612
28403
90955
51859
78667
3592
26630
49047
22094
46830
82941
20173
8415
30991
79273
56158
89341
93833
13329
93583
24131
92874
13898
17115
12886
29793
66209
93759
60286
35837
69021
22657
2296
55780
37831
10293
527
35451
60561
3308
59987
35658
44535
6681
17015
7867
12525
2864
51170
62273
48527
72402
74439
3417
79697
40303
79241
41988
26767
83847
21043
11613
80858
92188
85527
89206
21295
93684
45806
7952
59962
52939
29574
57920
10721
90833
85706
20357
59464
47379
18088
53458
97187
17784
97571
32361
58473
6801
29090
41611
18409
13283
44945
68076
47618
85904
85781
1093
11772
94560
77705
55147
76481
29537
60676
21126
39304
25000
92158
83631
24559
32810
23287
31578
16364
28768
41225
34823
69196
91036
55448
70540
12472
98867
26856
40574
24051
12101
22027
46374
60844
41982
90104
56538
84394
96661
13519
51491
75026
1215
57823
76838
95360
65882
35508
99898
24423
30134
41687
10108
39385
2605
66710
84876
23867
43159
57926
64118
73729
20835
82667
28436
73237
90249
47906
19094
31558
50819
33918
47430
36649
31995
81898
71207
24018
42301
97193
80817
86020
50844
41934
16497
38938
56255
89804
25733
32405
23473
14840
96264
17864
36162
63966
37181
20449
7645
94067
93143
11321
11654
80048
45734
10628
97068
36067
16848
85370
1137
23487
95950
21924
85461
42599
94641
65983
66010
45443
69535
76371
55638
49206
48586
97443
18855
6374
2222
10599
26213
42453
58556
71536
70091
85856
64439
91005
73275
13730
74487
99014
70960
70871
72698
56864
37894
79108
606
10321
50199
48724
21302
18678
39517
10893
2167
13956
59380
88161
23286
78474
58321
58975
59650
86106
16173
39258
18156
37249
91231
84127
31134
49896
67870
84894
26739
54361
85294
45172
55949
38346
8249
44173
56832
32267
21064
29554
66162
39916
17981
56244
6439
58107
42492
82312
50584
33537
24179
74248
63116
39864
62471
19715
4152
70469
42165
80732
44953
86747
79132
68041
55892
87747
37064
78807
83389
40232
14171
81944
82795
70555
53028
89657
14950
77873
47507
72931
54636
517
12010
13610
69604
42948
32800
19929
72945
40220
439
37330
87894
34332
80581
93248
81677
18938
70139
22358
10005
75507
19838
83352
30909
54013
60236
62557
73182
85733
21897
29457
89990
48059
25227
49843
53853
16316
19182
45112
34529
37640
61466
77763
56095
45353
58345
62209
93122
74600
93917
75962
29232
44418
10827
75902
33753
19880
35181
74629
2680
61059
50122
33357
45444
15831
96817
83573
37331
2208
73774
5177
2879
90755
26483
87776
45932
56984
53982
71427
14828
99728
23362
84755
23333
56950
91623
38759
79945
9247
48604
87127
59604
3011
67646
95320
27918
16658
88656
1010
35458
12779
77329
37976
80172
88693
79684
24931
79004
69343
54521
59066
32771
99029
9446
54590
28196
99762
60296
47125
98574
51830
18119
94764
44596
90963
18698
51806
65714
22269
60705
10866
66536
37451
92886
89141
88228
15217
92922
6626
81371
39482
66069
30003
84424
87130
97609
52011
66194
70585
25576
45319
26559
30768
40433
22103
99579
81710
63968
17271
71251
88283
15820
79938
71764
58681
88489
6602
77674
37876
17285
19020
24338
71584
90509
25020
49470
19170
97435
26587
74958
62483
61320
39567
59272
26717
31852
11778
13539
1378
39367
64612
10861
49770
27395
78606
60365
91043
92823
49754
49960
64827
90630
46718
39696
97642
46352
54820
21657
25149
20605
37714
31881
3091
17585
47047
18780
70152
88299
32501
30850
86901
3916
47528
68800
16502
55079
25162
43679
39717
10698
42971
4666
2115
36282
89623
94966
99400
32330
30564
55923
90363
58013
71719
56685
98309
29023
93620
33494
4736
42821
20255
86145
41034
60967
34780
22364
36710
80140
44898
92312
29003
59567
33590
36785
85577
96497
83445
62767
81951
25842
17786
43947
83652
25511
89948
98223
81748
9832
12017
77844
20083
35869
44049
9988
27200
48000
88539
83285
53127
14105
1564
504
2952
60778
49350
36799
26011
58816
60817
48529
69385
3685
79935
31937
66537
39546
61600
21361
22785
2962
90815
67529
25790
13746
14043
52579
62187
18334
80602
29506
86585
3744
19587
96370
36572
47278
90347
3288
83863
6487
51347
14605
70323
99120
23923
49074
89105
83583
11373
57501
96112
32716
47239
57391
87512
60559
78951
25256
94336
77272
1803
20930
95157
46093
53897
60270
9107
71611
84095
51141
49733
7397
27183
74299
98377
19844
45079
26954
17612
44121
36944
3314
83852
57033
76034
78856
29842
43368
87215
73582
54260
14833
23501
54577
34702
18586
43404
35403
11033
21535
84736
29907
98283
13575
26348
54988
60003
80815
81779
2969
57026
55072
73304
43433
49435
33945
57125
88952
54664
85951
53517
56513
32382
12851
42273
91489
82553
81139
96034
71035
80650
81497
71122
35695
77513
42842
92438
34315
24664
80843
21503
47062
10033
81357
50069
5879
18301
93913
11534
24024
71627
24249
43669
1060
59807
93285
92889
70866
49600
32924
18513
54744
86364
89485
82584
98363
11924
42345
44635
39761
47600
16389
32077
91660
70463
6
46396
40068
49846
29233
45533
81239
46636
80037
75343
13759
2229
41103
90669
30110
31476
37291
63189
54524
64197
73666
99550
74773
31122
93662
43239
8923
51300
89768
74756
8650
49370
7760
57293
10224
20804
57413
89316
94890
51199
41583
59980
23938
9455
88006
6608
16024
45402
61002
31233
25701
35882
28926
64607
27471
93276
23590
67522
27701
62280
80328
84369
71622
56835
36454
93293
22446
81035
5597
10617
73938
57941
64927
49707
10440
60711
83152
98679
47914
13795
89914
35344
37044
56090
38356
79162
99969
66563
58130
23505
89785
84626
40037
95029
22400
89128
88844
25230
86832
67306
92576
17406
29945
84554
75719
80624
28597
56518
16534
12503
74423
839
92788
94296
27294
2495
57363
72595
64879
97176
80475
57287
38850
70902
55085
21048
82084
36934
28259
50701
28561
27893
82290
25677
39222
44108
60204
69351
78878
96165
50298
98015
87663
93341
61157
64874
94520
34695
95671
6122
82658
28970
73109
15397
82449
297
11064
37560
60258
55931
84415
60812
4614
3431
12234
7968
64812
39801
66336
78959
82607
59201
90007
49740
69154
55639
8807
97994
60859
21523
98840
97856
73907
1164
21206
79451
96579
49306
86155
61135
13770
91122
6492
86690
66365
78244
57977
64138
31190
18732
74003
69424
70058
94264
5667
37552
15200
69924
38235
18453
17918
880
17011
92551
54840
82228
86938
1088
73624
4319
16807
65044
87432
78388
81075
44419
23310
67922
25378
32649
93109
32115
191
38196
6079
32965
33187
32884
94655
52226
43887
45819
10276
35084
80028
38799
17033
83645
77963
68133
75079
82
68615
22117
32666
18003
82606
15410
25099
4652
64341
16954
92013
45307
41752
6521
74192
56035
7065
79295
86122
28867
30825
34062
55706
50797
78858
30648
88442
70171
27627
70423
5710
10287
43572
63271
5402
45941
15108
64477
58069
48067
19320
80978
86885
42359
85709
18728
26463
29960
38483
70206
14638
46032
52681
1128
26768
97708
1052
94911
51821
91559
18069
96575
16997
60458
34449
19049
65139
63514
5504
14817
17769
63459
84706
13261
32480
61284
6153
10260
28813
5319
35980
49530
68080
88452
98626
29683
18199
41123
36495
73265
69479
44380
13058
55885
61161
17452
91391
63435
2843
81744
37598
64631
68139
87096
62684
61099
13588
95417
71907
27669
5062
82148
29585
55018
59870
2258
70654
41005
94642
8354
76859
77095
40980
33388
29503
92659
79320
87731
65561
66902
14176
19349
67190
32721
90068
28389
64825
75827
46842
71843
81926
10066
43674
88329
41392
92673
51656
37092
98721
62536
38174
76259
54208
83797
49462
25692
89784
65529
49515
99900
64454
89973
77937
78706
67633
87638
73256
83971
29615
12192
9431
37627
12956
67467
96127
32133
67026
8616
42474
73401
93697
57353
32521
53561
62968
94327
25398
49650
80094
24869
6529
80003
75448
64210
20073
86927
9497
86753
83435
49487
41806
44698
86317
44897
51118
31694
42229
20010
45865
67794
24296
58472
74766
96944
68012
88200
40879
4054
15127
53752
13309
7051
38839
82436
68811
856
44540
57813
68535
43781
470
42605
13813
75722
53754
88684
62595
92389
804
88091
83235
41923
77719
33169
86725
44135
33638
75597
86899
99365
53148
78520
42377
30796
31246
25675
5638
80451
73133
2944
11143
53600
45770
29543
42339
60425
90035
69967
86211
28822
77350
78346
66785
33356
5003
48501
48628
72355
4557
75599
80731
76676
69519
92658
98194
71856
57788
49819
26749
85265
54327
54389
30583
75088
27329
29141
11834
59220
9082
72480
49578
45286
41749
70304
13892
61215
83498
95521
49573
26191
38675
84114
65906
17572
15414
94061
32841
90906
34500
48170
36768
62823
27068
68843
94190
29087
29892
83328
84294
62324
61429
14644
33664
31174
94088
98124
92380
28171
18755
26215
50609
79693
35205
80730
31259
30871
11425
98522
93727
84314
11123
14021
89796
62064
62935
22073
85689
66901
13447
50700
87548
90987
68088
99839
49596
65897
48477
94401
24080
6833
22489
13253
59989
83920
69189
17485
8753
36682
56645
65633
25344
88589
54318
69913
63429
29738
95378
23305
35563
6316
42711
61650
42905
74148
23927
62730
48619
24585
5024
59350
89969
61843
45811
61626
18944
11509
64374
91139
86987
72444
18925
99517
45119
45205
68108
6454
26891
80080
87756
31258
96391
7157
3307
18254
93723
25848
5188
76470
11774
66405
53474
96895
50508
92654
39401
39804
32197
21877
30775
4978
56885
50332
46973
85476
17997
3615
34834
63905
82963
90895
27649
68597
3754
81963
32212
68684
66844
23026
92644
44340
37683
9529
26969
34391
19230
66599
17405
49085
15857
60489
84307
53466
96636
42818
37125
77517
11107
64432
21785
383
63912
98612
84802
11786
12964
80965
87851
16791
91493
640
48197
13019
55057
70855
35704
82074
17631
68146
26141
33651
66471
86003
54715
1535
1486
87749
38485
21554
67746
56102
1537
86602
73684
61694
59308
16695
14947
43070
51387
15454
79872
53596
4238
39686
39721
55584
76069
58926
91444
82230
89252
48232
76206
43660
62978
59918
37721
6557
10241
43878
68534
38746
44625
25481
46469
77796
88519
29910
43074
14201
8136
89326
65259
15980
60259
72363
28122
17105
21289
89865
18812
49788
66514
80243
90387
5750
14188
20542
81957
79950
69037
5487
61938
18515
67339
21735
37012
29976
12258
79836
19130
88510
1899
98547
99940
12675
2845
69733
94411
62160
14555
46777
13919
95872
17860
77405
271
57157
19537
71486
253
74552
64584
9659
37226
16605
22375
5193
91435
5325
46000
40905
16063
7764
57628
15478
19041
94025
79797
38970
21460
34877
60855
42812
60095
18056
36984
66242
14335
1036
23358
5438
40184
52280
18070
36248
36326
34255
35526
72712
24405
52904
24452
96321
29078
58648
60151
28790
8472
25181
11133
17356
62864
30053
84845
7970
80102
16440
98649
43358
72522
10015
5143
81053
39255
17547
18858
56533
80946
28285
12662
15185
31537
44134
54829
15870
362
72348
20693
25967
20286
47056
69451
33547
66334
33780
98193
33335
73935
17616
28217
81311
11079
70544
13230
74113
83608
8018
36115
26121
33446
1234
27744
93599
24870
57008
77002
19718
84655
5557
58169
4396
37900
96382
41295
30442
33250
54511
88633
74574
47708
31951
93385
10539
98873
18661
46601
38124
54378
92677
96240
92273
6996
68003
60755
85325
31582
41370
63789
54526
9687
72977
70490
93274
50846
3951
31515
72932
95838
12424
58887
49204
54450
39824
16939
88763
45395
85829
16780
44332
98537
39415
9386
17605
32958
385
98136
64823
14612
35075
70666
68517
87849
8277
45478
9016
20880
9001
4022
14701
27847
98424
5565
56882
93436
13226
79034
45071
40851
39442
35587
3336
40274
80232
49881
40395
10004
44725
35516
46441
38379
84531
26683
46379
93292
71780
10752
75557
4333
90761
73284
43540
48290
11134
28849
94271
56905
74992
37651
2420
2589
76015
96869
70074
45266
18016
9999
38328
78087
95021
83977
54639
51222
43190
11543
6997
7706
58734
89897
97474
20933
8554
40309
49492
66120
62217
20611
55816
93084
2250
45047
31320
38821
28509
31067
18097
66878
42485
97616
41951
38526
32859
54712
41673
80882
94157
36528
16947
51475
70354
2787
24641
91656
22976
79537
75543
45684
1315
31232
58720
52038
35674
17887
4710
52686
38184
53854
15934
39523
88973
26439
3965
95961
84482
85870
24905
93442
74400
62635
79825
5300
25419
21130
68380
3782
34844
32021
15790
85917
21764
23339
10314
70909
68895
5065
66326
78074
9923
84469
98993
40099
17065
20999
55612
82838
53069
14901
43428
83410
73006
9889
32933
58317
51638
13606
70175
61749
7289
82318
24023
26154
75681
71691
31287
44239
72403
56972
12099
79008
69073
46287
98507
29203
77263
74849
40027
94863
64316
5167
81906
57965
98496
80247
11666
92056
76478
11574
63894
13010
19354
34694
79121
20704
8961
50866
78067
40812
19025
31784
45661
57503
40468
73448
44218
50124
93896
57048
39136
29258
30467
52155
90726
20529
4956
21564
57838
66729
93845
44110
67625
91176
74617
82072
13639
92683
27463
98881
27529
40346
96274
26495
50113
93171
40149
60693
19984
35796
44358
32589
59491
31706
56666
20779
52442
46774
74515
5716
91923
64638
75467
45227
95209
87998
61902
68132
38744
26438
81722
60408
62382
45790
61128
56520
21051
16824
54382
84275
36909
90668
33986
2149
23460
37649
15404
65349
28950
94177
11313
86500
97399
265
2676
36815
66109
4583
60819
87723
96525
28761
18140
79531
2778
3701
70391
28378
63535
56281
45598
27124
21000
70389
31075
61539
63677
29421
27002
38880
27211
27120
50561
1322
19647
73827
31405
52938
72631
45134
83472
5663
64670
14445
64791
73877
85101
75415
4648
93590
20754
77371
34522
12476
51585
69298
14765
66044
15783
73522
62753
88136
5662
10205
59697
52460
66689
48757
54924
1499
39061
76619
16296
20470
30919
27917
39701
39940
21189
86118
42303
68078
14587
27730
79946
64524
27390
26780
41083
41971
59707
25202
98351
87415
66059
36103
10403
15133
8363
51731
72294
77427
64304
81989
43771
28819
45851
90749
14065
41105
53292
95087
8933
75920
45604
83033
92087
23910
38387
20464
27922
94705
67872
94934
8430
91554
12660
80968
46050
40160
89490
80498
14423
72975
36040
91795
26576
62429
77544
58523
4177
90456
20444
18388
14236
94891
40138
28410
90128
57655
10218
89403
28322
11541
70079
55107
14810
39821
29410
76459
13152
32078
57560
32673
443
80400
82052
90090
85932
33479
25180
57266
34710
58132
34177
73261
85815
80595
87373
91602
1102
73971
97264
84038
31923
2729
13056
27331
68213
7304
74376
1989
14456
39075
6461
15006
25949
66533
10505
85900
59589
91703
46950
9251
90333
26417
56494
80867
57298
12813
89706
59880
44458
651
3069
73988
27346
21676
76279
67000
77324
20600
70547
75076
27725
153
38563
89320
58530
33030
18206
52518
35118
7996
75159
3394
62257
90472
60764
51307
16208
88485
36545
70298
82016
90924
76097
37447
70040
13257
52172
64387
48480
39024
32374
77726
90240
55065
56277
3124
18696
60249
38065
88964
22693
51011
91941
51962
90202
50685
31928
72156
79571
11999
68516
28569
99621
23648
97649
97057
12727
59811
90960
78767
57440
83881
28529
11231
79018
68009
45184
24414
8246
73777
22953
62719
58680
52746
70408
32495
12038
93734
8849
69362
68033
56638
68476
16301
34783
60508
11847
36470
25587
4894
53020
94858
13075
37908
46134
31446
52321
82135
50953
80194
52772
66386
38859
57673
37036
58984
81836
29519
87431
20057
49307
44461
35165
11823
55906
7351
91133
72397
39256
71389
67683
51406
69141
6938
16143
39573
18790
30146
8178
1606
9679
93468
30989
36006
94681
98353
96971
43278
79766
72360
32969
19129
26654
72191
21324
83919
74484
43203
4724
57165
14716
35010
94241
15065
34826
23006
9399
68693
20594
16891
3893
84452
73836
20749
59889
84630
63155
75426
80708
73855
53261
35123
83770
97054
2970
99629
661
77402
35081
39428
35565
24372
82620
9264
32418
81052
22818
59942
37254
58501
56238
68992
55914
30610
26679
65701
95816
62840
69848
47940
52857
79047
75294
63342
54839
72208
53388
79021
85324
1591
94770
61389
76589
74699
97721
31036
96670
66484
3216
27412
36320
87285
637
66163
10862
59467
47102
35767
46986
1764
72245
22726
47364
53841
97777
32642
84157
46181
57513
56248
50045
12783
93598
17261
1008
31300
62708
47229
65833
37575
38585
904
49254
6695
27635
17538
50956
84652
81591
62267
5839
37199
97441
93063
56039
42632
80414
87118
2623
70426
98693
67594
88054
55148
55832
10581
16414
24721
3635
38021
81809
39369
50241
17902
32622
32599
46393
46624
78838
66229
42966
1941
17872
32520
68977
86960
33526
10854
41864
43507
22904
51606
30219
55340
77981
66389
67955
21191
83428
75301
27999
23369
6460
97973
22993
95769
90637
70482
91373
42680
23236
67506
37914
26955
41862
62370
44231
55517
25402
50987
53122
36253
43186
85680
65207
17835
44260
33674
84714
76849
22541
96672
58038
44820
47720
57347
89232
49874
94953
42194
6044
950
56798
18904
86584
16603
44842
27348
8013
11754
21374
15041
90288
6368
6933
95010
14042
50077
10361
84208
93456
84758
49318
51216
29810
4824
8882
29936
47753
77603
6669
74358
63156
56337
55348
56902
6990
65513
16589
9841
38087
43633
24350
66049
57554
89798
26658
71376
67903
94572
80403
45188
35993
49562
41008
15361
65587
42876
62593
73632
11031
98185
13829
20590
9187
99180
69737
67583
82209
57246
76576
98360
89409
43503
2001
64943
42684
1117
11723
5649
10158
38748
71359
47513
68551
2193
7061
67573
70779
7995
12142
3706
34910
6598
52451
90498
87461
3740
85046
2151
80805
46503
59278
80649
50313
85061
82067
38996
63816
56373
18348
87533
28942
89365
25652
97534
82459
92801
44747
55933
22491
65690
4893
8274
90588
46666
63823
74660
33043
47267
14085
60322
55255
47236
50141
6707
88762
36177
1450
91140
85303
1362
66803
30152
37078
48040
37286
32194
32645
49328
79812
5633
90443
96424
89577
19908
34479
99053
70419
82863
97791
1977
57422
63148
59924
11466
78417
71910
30278
7999
99602
62072
77927
76490
85155
1119
97769
45154
28255
28038
98384
94099
41195
31465
31295
17361
16884
97844
54350
23290
30977
21940
5834
88661
72769
90626
79648
98741
83373
40949
53941
12635
72564
56452
3285
57159
25330
60742
76064
84046
1237
20604
56196
21967
50919
58244
60380
76138
36653
90073
48570
47909
20437
19153
31894
71705
2886
99688
64571
47812
12303
27334
48367
10838
42846
3149
13803
51643
27487
49751
5680
50710
47337
34069
86461
12169
99857
92250
2824
73734
27030
54614
59129
28314
62449
17544
38902
91434
52561
71730
75685
64938
30324
58878
46705
99380
82025
16866
79200
89553
83253
27451
55629
45704
1235
9485
71420
45901
13074
62088
90067
34037
41161
34693
9223
43731
84539
24149
30491
79513
7050
72528
38844
87453
2188
98052
23899
70498
65813
38016
4438
21963
61087
60077
7916
69217
27841
25616
11054
89618
64087
14260
53745
11368
51952
49290
72422
49669
58015
75297
73078
61753
88245
73477
55821
94029
66684
19030
31306
50576
15500
81725
5868
6260
76704
5848
84819
90953
83856
99338
59886
38823
69678
28972
36238
21232
8353
25355
73991
63917
33347
87791
74664
36529
41763
19487
44882
56312
97905
3471
53738
4479
53112
37636
34777
60907
37782
93601
48011
82056
27086
83046
96731
79848
20637
90942
81478
19453
52714
21528
17500
13485
79740
64911
80022
37756
50882
32926
59810
65318
34766
50860
75875
3208
60488
27117
10639
96439
3424
13511
489
46590
74593
80350
71057
46126
63314
43520
13884
99757
24451
68015
10074
28762
50265
55476
21101
33871
91399
51072
78799
32213
91262
6486
53970
48500
98378
90373
47243
86049
29919
25042
44660
18793
63904
37961
7323
74245
40889
23373
96395
95358
44592
93406
54706
27611
58716
35277
98186
12761
83870
67019
90984
1635
96323
14846
67200
34560
70765
82841
30890
24367
98023
44764
25444
97458
25316
64356
41170
88985
5221
17456
27095
89952
87167
94631
34908
37977
51439
71017
78898
82367
35889
60493
3638
93706
76071
47137
71885
97535
33861
78270
10753
64520
99291
46402
60836
46381
26090
26988
39092
50775
10884
94807
11271
26281
20905
97719
9077
89203
20807
29314
42249
85707
87282
91223
37220
97831
81465
4121
17124
97718
48951
98477
32612
26205
157
45745
58089
99288
76173
7608
17827
99975
22045
19907
67305
99230
48125
38221
9224
7009
66654
65390
99966
31112
90206
91570
76971
69499
92585
73200
99605
8032
50024
12060
51893
73210
4202
83302
25527
78271
8321
29606
20232
61443
23526
81909
95590
69349
78425
2099
46332
69072
37597
9756
10824
28733
48361
66667
38554
92323
45885
55296
3555
70767
42892
41629
93860
18148
89616
10008
6017
48416
65398
9642
37679
12507
53518
26681
40324
65515
72076
95956
40908
91433
458
34919
24770
3259
59822
55986
54531
43156
29520
38295
52998
53867
82018
75975
27729
94925
45416
73305
75595
55370
76667
68991
38032
59667
23691
33899
21840
56310
70898
92295
81431
60536
10007
39371
20955
58649
13593
16460
35848
53484
68758
34415
21338
9594
8644
35048
8983
76878
64505
22060
8037
51465
35142
22421
77539
17601
16046
83201
10905
91498
56474
59907
4434
65186
45160
714
69743
9927
84017
37505
23980
84182
8072
86133
31846
42133
51283
76460
42034
64707
15319
3984
59672
53105
94558
50962
22914
86370
90553
27336
79492
62766
56379
15774
66665
41028
61527
58228
72030
51586
75625
44778
32862
1623
41014
1127
63072
85765
10453
47902
49433
62930
59526
95809
36376
86361
44826
26338
85993
82508
31400
58177
84943
65893
74059
39288
66666
26827
45672
85961
3287
11717
58527
31547
43584
94185
76575
5298
72323
22639
47093
89873
3837
41260
9462
23660
55314
41925
88594
93814
18114
38459
47560
29803
57451
76602
49910
94275
83260
7313
99845
12650
44297
40270
1953
22108
31724
15342
73860
38284
23091
96345
41586
83324
44479
33732
94415
46680
27565
53393
69334
60575
48122
1708
21725
78156
37967
81338
77484
54323
40595
5323
11553
49595
58328
10504
22432
46285
33745
21401
45141
48664
10378
38352
90913
77466
747
88822
26806
67869
62987
75110
45303
69080
84932
29498
7225
76505
32999
77793
75929
25063
82523
47885
5511
64558
67487
16165
74008
30531
52497
36364
48462
33180
41705
53515
88250
29914
68885
79885
88958
78275
62905
58446
72141
17710
60701
51443
57862
13450
97278
89905
51659
91418
35753
22295
23742
31600
30130
60634
82512
73472
13487
7527
42470
9086
75906
84328
20913
40067
36436
73343
92851
29067
68071
58273
7635
37349
86046
65198
63374
95697
40891
39720
29885
12987
68590
63021
43466
4483
67084
10741
81873
8341
59649
20429
82792
93107
25429
96344
43410
13099
43488
76927
17342
19388
45493
49161
54491
96319
22033
7067
61608
39674
31336
71350
44317
42269
12893
78784
11818
50823
57255
95077
80657
15928
20851
59433
43829
23163
94350
62815
4430
35620
67897
40565
56381
513
12123
58481
49771
7851
22389
26653
90718
11991
23382
50380
51822
8405
6015
67944
6171
23346
69991
77771
73826
76540
54853
42535
90767
52209
40674
37294
39842
40625
13590
22521
53877
76241
70655
12450
54723
70436
15260
98907
79077
90709
30937
72244
47611
74551
61487
8106
4010
24355
24475
45818
2807
91096
26621
96183
68248
42289
77215
22686
49879
45976
5912
58493
77097
63715
82789
10055
33262
75329
801
87408
12896
48362
67807
57617
2981
72168
97694
8176
95270
71924
33681
71936
95174
11407
30702
70587
69624
91111
92050
96444
85945
62731
85899
66220
16679
16220
57911
61641
84052
84817
80401
67773
81374
93580
38971
45840
13506
9146
93247
48436
79215
7370
79080
15059
26790
59191
40500
77045
51901
14264
56070
77894
72148
66974
701
57898
77170
67448
67596
67157
21798
40431
85399
42769
93614
95996
29911
80640
24949
49014
93405
8718
76155
6940
34260
64771
3264
52645
70980
32051
33520
35011
12057
10259
34179
42180
44408
67953
61367
40116
44104
61118
1846
3757
22267
92600
75961
58064
69464
61887
21041
28684
69248
77395
57698
19655
54785
34991
38331
6694
12187
20703
70558
89818
67430
88333
50781
70099
97053
52849
42569
69673
58329
32584
58917
52609
83015
34444
68402
8296
3430
55593
35787
17939
1442
44469
54036
16732
94871
49207
72877
97154
93220
90018
22646
62193
87235
10733
3833
2595
47446
11562
58620
96621
29374
74367
11749
53384
64395
36349
23156
871
70178
5136
30951
37912
46389
8175
45549
67419
14288
76052
14558
43249
97889
71629
92126
12965
89369
12003
87162
99758
22577
16062
63255
46018
37403
88875
30123
75155
68399
55581
63022
69483
46981
23182
84963
44253
34416
89819
33397
13047
96997
77126
60424
17122
9568
13461
21305
58714
25019
22087
73932
49765
34326
55002
89512
64385
45072
30565
51824
65384
7780
75361
91822
22382
38062
7949
92513
77570
28525
64319
65025
24415
94652
3943
82089
57149
21865
61629
68362
4303
9565
66515
52625
16445
94441
99418
95801
23870
11788
31211
35049
53180
38476
82890
54902
68422
30200
5075
37035
30378
54956
32593
51955
48308
75750
28605
41267
48938
75287
72982
16423
84553
18048
13819
25258
79133
41336
93659
23033
4539
61147
65276
19745
88860
72483
2224
588
79156
72731
6450
12728
22490
91809
39575
47619
24499
39897
40305
18285
51358
58092
44259
27604
68377
46376
25756
11915
86185
52991
93835
38546
37039
29917
34098
60031
67469
10406
77098
41408
64198
39931
27868
29160
82163
77702
56270
7547
766
6111
3364
1395
60953
67976
35263
26472
63276
80863
63071
12320
20499
91680
89418
93169
80921
86750
5623
56021
24843
28637
65836
53917
1735
43418
64323
59334
62734
31984
50081
92206
57498
34218
28951
81986
46472
87633
29494
93717
49257
74342
81164
72970
77863
24289
70286
82019
16572
24397
46207
43542
70030
93116
28698
11893
34480
62674
93802
7683
81177
6713
52087
60421
94129
39346
19065
44745
57696
40918
96995
25167
84009
18535
71215
54432
5197
32103
90189
52352
89782
47146
51734
30073
74905
79456
87893
40329
67667
32081
51424
10890
86001
29567
67363
7140
35415
43229
90631
86123
67610
81923
45622
21072
80155
73268
75096
94728
51559
66473
17283
30055
20845
55388
11614
12914
93950
61267
74029
63943
41628
44350
54052
6735
34816
32322
76042
37280
78955
51144
49029
60661
87242
36505
42486
15174
38984
6948
53884
10990
64847
1182
73170
56192
26652
13592
86206
3443
48459
91802
23345
66357
8419
19602
35438
62338
66590
54372
48221
39605
20564
76422
14773
38487
11719
55895
83236
40708
48622
80476
36021
15649
60266
26390
21942
15794
19466
28355
54451
39218
36884
36708
28443
79554
30432
88401
24531
74937
31152
20509
32249
98191
49528
5721
2475
50155
50310
56509
7621
63530
30244
83043
72981
28162
6909
61163
73655
38419
33126
3721
5997
29286
82521
32652
5272
18575
45094
69384
58842
46602
14797
15607
49130
78162
88506
90838
24626
45374
1091
82151
11864
8764
73249
15055
26110
99616
44541
72542
23280
4587
70925
97961
78015
37676
83128
28228
66370
98629
344
46961
42536
41298
3889
9396
7611
59398
80339
29133
67213
22168
92460
73850
22504
88249
88730
87445
15685
15135
69708
6462
85226
56959
14469
58827
23599
57276
28502
48492
73535
34388
5139
47553
95345
23904
46048
50281
94813
8845
32962
63248
64408
68449
19207
94628
43825
12294
67215
47907
53440
12548
25114
50873
97325
53024
40612
24567
92722
96234
65210
61122
48146
6459
90467
4550
82234
15860
11485
99441
8402
60373
67975
83974
85117
51088
25003
57672
47915
62381
74191
89880
68727
6611
10830
83127
74692
47374
35603
58773
33659
31413
28582
6921
71982
51583
61499
65035
73791
67901
63250
96910
37835
98489
47304
42583
1245
32350
96417
32282
24535
22973
